1664968366
1664968402
1664968412
1664968472
1664968532
1664968592
1664968652
1664968712
1664968772
1664968832
1664968892
1664968952
1664969012
1664969072
1664969132
1664969192
1664969252
1664969312
1664969372
1664969432
1664969492
1664969552
1664969612
1664969672
1664969732
1664969792
1664969852
1664969912
1664969972
1664970032
1664970092
1664970152
1664970212
1664970272
1664970332
1664970392
1664970452
1664970512
1664970572
1664970632
1664970692
1664970752
1664970812
1664970872
1664970932
1664970992
1664971052
1664971112
1664971172
1664971232
1664971292
1664971352
1664971412
1664971473
1664971533
1664971593
1664971652
1664971713
1664971773
1664971833
1664971893
1664971953
1664972013
1664972073
1664972133
1664972193
1664972253
1664972313
1664972373
1664972433
1664972493
1664972553
1664972613
1664972673
1664972733
1664972793
1664972853
1664972913
1664972973
1664973033
1664973093
1664973153
1664973213
1664973273
1664973333
1664973393
1664973453
1664973513
1664973573
1664973634
1664973693
1664973753
1664973813
1664973873
1664973933
1664973993
1664974053
1664974113
